55.5319
55.63
55.7262
55.8156
55.9299
56.0438
56.1523
56.2588
56.3587
56.4551
56.555
56.6478
56.7624
56.8764
56.9925
57.1015
57.2084
57.2992
57.3837
57.4587
57.535
57.5907
57.6596
57.7344
57.8103
57.8836
57.9595
58.0171
58.0934
58.1662
58.2307
58.2833
58.3353
58.3884
58.4138
58.4376
58.4613
58.4852
58.5114
58.5402
58.5685
58.6022
58.626
58.6489
58.6711
58.6953
58.7248
58.7528
58.7759
58.808
58.8376
58.871
58.9096
58.9544
58.9943
59.0291
59.0664
59.0984
59.1318
59.1641
59.2016
59.2433
59.2977
59.353
59.4149
59.4692
59.5182
59.5595
59.5973
59.6306
59.6601
59.7066
59.7517
59.7924
59.8402
59.884
59.9235
59.9768
60.0405
60.0943
60.1674
60.2512
60.3571
60.4575
60.5776
60.7064
60.8244
60.8701
60.9036
60.9287
60.9497
60.9743
61.0099
61.0638
61.106
61.1588
61.1955
61.2335
61.2978
61.3407
